-i
$flagstyle=capirola

{Mille Regrets/Vincenzo Capirola}
b
3   0
3   2.
3   3
3   2.
3   3
3   2.
3   0
3   2.
b
1. 0 3
3   2.
4   3
4    0.
b
2 0 3
2    0.
2    2
2    3.
b
1 0 32
1   1.
b
2 2 0
2    4.
2     0
2    4.
b
20 2  0
2   0.
2   1
2   3.
b
2   1
2     0.
2  4 4
2   1 0
b
1 21  2
1 4   0
b
1 2   2
i

% line 2

i
1  1.
b
1 42
2     0
2     2.
b
2  21 0
2     2.
2     3
3     2
3     0.
b
1 2 04
2 0   0
2    2.
b
1 2 04
3    2
3    3.
3     0
3     2.
b
20 2  3
22.
23
2 0.
b
2 2   3
2 4.
2  0
2  2
b
2  03 2
2     0.
3     2
3     0.
3     2
3    3.
b

% line 3

b
2  21 0
2    3.
1     0
b
20
3    3
3     0.
3     2
3     0.
3    3
3    2.
b
13 0 0
154   0
b
2 20
2    3.
1  003
b
2 02
2    2.
3    3
3    2.
3    0
3    2.
b
2 20 3
2 0
2 2
2 0
b
2 2
2  0.3.
2 0
23
b
12 0 3
13
b
2  0
i

% line 4

i
2     2.
2 4
2 2
b
1 0   2
1  0
b
2     2.
2  2.
2  4
2   2.
b
1 4 3 0
2  0  2
2  2  3
b
2  43 5
3     2
3     3.
3     5
3     3.
3     5
3     2
b
1  2 03
1  0  2
b
2 2  03
2     2.
2     0
2    3.
b
1  432
2   20
2   32
b
2   53
2   32
i

% page 2 line 1

i
2   20
2  43
b
1  210
1  003
b
2 0
2 2
1 02 2
b
2    3
2    2.
22   0
2   32.
b
2 4 2
2   0.
3   2
3   0.
3   2
3  2.
b
2  00
2 4.
2  0
2  2
b
2  0
2   0.
2 4
2 2
b
2 0 0
22.
24
2 0.
b
2 2 0
3 0
i

% page 2 line 2

i
3 2.
3 4
3 2.
3 0
34
b
22  3
2   2.
2   3
2    0.
b
12 43
3   2
3   3.
3    0
3    2.
b
2 2 03
2 0  2
2 2  3
2 4   0
b
2 2
2   03.
2 4  2
2  0
b
2  210
2  43
2   10
2  2
b
2  43
2   0.
3   1
3   0.
3   1
3   3.
b

% line 3 page 2

b
1  2 0
1 54
b
2  210
2  0
2 4
2 2
b
1 0 32
1   32.
b
2   53
2   32
2   10
2  43
b
1.  210
2  0
b
1 42 2
1 2 53
b
2 0  2
23   0
2  03 2
2   1.
b
2   3
2   0.
1 3 1 0
b
1  003
1 20 3
b
2 02
2    2.
3    3
3    2.
i

% line 4 page 2

i
3    0
3    2.
b
2  0 3
2    2.
2    3
2     0.
b
2     2
2     3.
1  0  2
b
2  2  3
2  0  2
2  2  0
2    3.
b
2    2
2 0
1  0 3
b
20   2
2   2.
12  3
b
20   0
2   2.
3   3
3   2.
3   0
3   2.
b
22  3
24
1 0
b
1   53
13
b

% page 3 line 1

b
Y- 0 320
b
1 543
22
24.
b
2 0
2 2.
2 4
2  0.
b
2  210
2  0.
2  2
2   0.
b
2   1
2   3.
2    0
2    2.
b
1 2 03
2     3
2     2.
b
2 2   0
2    3.
2 4  2
2    0.
b
2 543
2   5.
2   3
2   5.
b
2 543
2    0.
2    2
2    3.
b

% line 2 page 3

b
1 02  0
1 4
b
1 20 3
2 0  2
2  2
b
2 20
2    0.
23
2    0.
b
22
2    4.
2     0
2    4.
b
232  0
2 0.
2 2
2 4.
b
1  0
1  2.
b
12 43
2  21
2  00
b
1542
1 20
b
1 2 0
13   3
b
2 02
2    2.
3    3
3    2.
3    0
3    2.
b

% page 3 line 3

b
1 20 3
2 4
2 2.
b
2 0   2
23
22   32
20
b
1  0 32
1 0  20
b
2   3
2 2
1 4   5
b
1  0  5
1  2  4
b
1  43 5
1  0  2
b
2   3
2     2.
2 4   0
2 2  3
b
0  432
b
2 2 53
2 4.
2  0
2  2.
b
1  432
1    3.
b
2  21 0
2   03
2  2 2
2  0 0
b

% page 3 line 4

b
1 423
2  000
2   2.
b
3   3
3   2.
3   0
3   2.
1 4 3 0
b
1 2 03
2   22
2    0.
b
1 0 32
3    0
3    2.
3    3
3     0.
b
1  03 2
1  21 0
b
1   0.0.
2  0
2   1 3
b
2   3 2
2 4   0
2 2  3
2 0
b
13   03
2 0 3
2     2.
b
2     0
2   1
2   03
2 2
b
1 4 3 0
1  003
b
1 02
2    3
2    2.
b
Y-  0 3
b
b
b
e




