-R9
{Padoana/Capirola no 17}
-tuning C4D4E4F4F4c3f3a2d2g2

-O

b
 2   0
 2   1.
b
1  03 
10 
b
1  03
2   1
2   3
b
1  00
10
b
2  0
2   0.
2   1
2   3.
b
10   0
1  03
b
10  1
1  00
b
1 02 2
O    3
1  0 0.
b
1 02 2
O    3
2   0
2   1.
b
1 :03
10
b
1  03
2   1
2   3
b

b
10  0
1  03
b
20
2   0.
2  2
2  0.
b
1 02 2
O    3
1  003
b
1 02   w
2    3
2    2 u
b
1  033
10
b
1  033
2     2
2     3
b
1  00 5
10
b
1  00 5
2     5
2     3.
b
1  00 2
10
b
1  00 2
2     0
2     2.
b
1  2 03
1 0  20
b
1 2 03 w
1   2. u
b

%page 2 line 1 (line 3 )

b
1 0 320w
1  2
b
1 0 320u
2     2
2     3.
b
1  00 5
10
b
1  00 5
2     5
2     3.
b
1  00 2
O     3
10    5
b
22    3w
2     2.
2     0
2    3 .u
b
2 0
2    20.
2    3
2    0.
b
1 0  20
1    3.
b
1  033
10
b
1  033
1   10
b
10  3
1  00
b
10 :1
1  03
b

%page 2 line 2 (line 4)

b
10  0
1  00
b
10
1   10
b
10  3
1  01
b
20
2   0 .
2  2
2  0 .
b
1 02 2
O    3
1  0.0.
b
1 02 2
O    3
1   10
b
10  3
1  00
b
10 :1
1  03
b
10  0
1  03
b
20
2   0 .
2  2
2  0.
1 02 2
O    3
1  003
b
1 02   w
2    3
2    2.u
b


%line 3 (line 5)

b
1  033
10
b
1  0
1  5 37
b
1  4 35
1  0 32
b
1  2 03
1    2.
b
1  0 32
10
b
1  0 32
1  43 5
b
1  2 03
1  0  2
b
1 0  20
2 2 03 w
2   2. u
b
1 0 320w
1  2
b
1 0 320u
1  5 37
b
1  4 35
1  0 32
b
1  2 03
1    2.
b

%line 4


b
1  0 32
2     3
2     2.
b
2     0
2    3.
2    2
2    0.
b
1 543
15 5 0
b
1 02 2
1    3.
b
1  033
10
b
1  033
1 543  w
b
10 43
1 543
b
15 5 0
15 5 0
b
1 543
10
b
1 543
15 5 0
 b
1 543
10
b
1 321
1  00
b

%page 3 line 1


b
1 0 320
1  2
b
1 0 320
1 543  w
b
10 43
1 543  u
15 5 0
15 5 0
b
1 543
2   0
2   1.
b
2   3
2    0.
2    2
2    3.
b
1 02 2
1  003
b
1 02   w
2    3
2    2.u
b
1  033
10
b
1  033
2    0
2    2.
b
10  33
2    2
2    0
b
2   3
2   1.
2   0
2  2.
b

%page 3 line 2 (line 8)


b
1  00
20
2  2.
b
2   0
2   1.
2   3
2    0.
b
1 02 2 w
1   3. u
b
1 2 03 w
1   2.
b
1 0 320w
1  2
b
1 0 320u
2    0
2    2.
b
10  33
2    2
2    0.
b
2   3
2   1.
2   0
2  2.
b
2  0
2  2.
2   0
2   1.
b
2   3
2    0.
2    2
2    3.
b
1 02 2
2  4
2  0.
b
1 02 2
1    3.
b

%page 3 line 3 (line 9)


b
1  033
10
b
1  033
2     5
2     3.
b
1  0  2w
O     3
1    3.u
2 0   0
2     2.
2    :3
2     0.
b
1  0 32
10
b
1  0 32
1 0  20
b
1  0 32
1 0  20
b
1  0 32
2    2
2    0.
b
1 0  20
1   3
b
1 0  20
2     5
2     3.
b
1  0  2w
O     3
1    3.u
b
2 0   0
2     2.
2    :3
2     0.
b

%page 3 line 4 (line 10)


b
1  0 32
1    03w
b
25     u
2     2.
2     0
2    3.
b
2 0
2    20.
2    3
2    0.
b
1 0  20
1    3.
b
1  033
10
b
1  033
O    [
1 0 03 w
b
10  03
1 0 03
b
10  13
1 0 13
b
10  03
1 0 03
b
10
1 0 13
b
10  03
2   13
2   03.
b
2   13
2   03.
O    ]
2  2
2  0.  u
b


%page 4 line 1 (line 11)


b
1 0 320w
1  2
b
1 0 320u
3    [
1 0 03
10  03
1 0 03
b
10  13
1 0 13
b
10  03
2   13
2   03.
b
2   13
2   03.
O    ]
2  2
2  0.
1 02 2
1  003
b
1 02   w
2    3
2    2.
b
1  033
10
b
1  033
10  0 5w
b
10  0 5
2     7
2     5.
b
2     7
2     5.
2     7u
2     9.
b


% page 4 line 2 (line 12 )


b
1  0  !x
10
b
1  0  !x
2     8
2     7.
b
2  0  5w
2     7.
2     8
2     7.
b
2     5
2    8.
2    7
2    5.
b
1  0 75
10
b
0  0 75
b
1 3  53
2     7
2     5.
b
2     5
2     3.
2     2
2     0.
b
1  0 32
2     3
2     2.
b
2     0
2    3.
2    2
2    0.
b

%page 4 line 3 (line 13)


b
1 543
15 5 0
b
1 02 2
1    3.
b
1  033
10
b
1  033
1 5  75
b
1 5  75
1 5  75
b
1  5 87
1  5 87
b
1 5  75
1   8
b
1 5  75
2    8
2     5.
b
1  5 87
1 5  75
b
1 7 58
1 5 87
b


% page 4 line 4 ( line 14)

% -l "2.0 in"

b
1 0 755
1  7
b
1 0 755
1 543
b
Y-0 43
b
iiii
1 543
15 5 0
15 5 0
b
1 543
2   0
2   1
b
2   3
2    0.
2    2
2    3.
b
1 02 2
1  003
b
1 02   w
2    3
2    2.u
b
1  033
10
1  033
bb
e
