%  Capirola_Recercar_ottavo.tab
{R ottavo/Capirola}
-i
$flagstyle=capirola

b
1  2 00
20
2     2.
b
2  2 03
x     2.
x     0
x    3.
b
2 0
x    10.
2    0
x   3.
b
10  1 0
2  2
2   0.
b
20  1 0
2   3.
2    0
2    2.
b
2 2 04
2     0.
1    02
b
2 2
2     0.
2    3
2    2.
b
23   0
2    2.
2    3
2     0.
b
22
2     2.
2     3
2     2.
b
10 2  3
1   1 0
bV

b
1   3 2
1   5 3
b
1   6 5
1 0
b
1  5  7
10
b
1  5  7
2     5
2     3.
b
2  0  2
2     0.
2    3
2    2.
b
1   10
1     0.
b
2   0
2     0.
2    4
2    2.
b
2   04
2    0.
2    2
2    4.
b
2  2  0
2    3.
2     0
2     2.
b
2  2  3
2   0.
2   1
2   3.
b

% line 3

b
1   53
1  5
b
1  03
2     2
2     0.
b
2  03 2
2    3.
2     0
2     2.
b
13  103
1     7.
b
1    0
2     5
2     3.
b
2  0  2
2     0.
2    3
2    2.
b
1   10
23
2 0.
b
2 2
2 3.
2  0
2  2.
b
1 2 04
1  21 0
b
1 2 0 0
2    4
2    2.
b

% line 4

b
1 2 04
1     5.
b
10 2  3
1   1.
b
20
2   3.
2    0
2    2.
b
1 2 03
1    1.
b
2  0
2    0.
2   3
2   1.
b
1 0 0
13  1
b
1 0  1
1   0.
b
13  10
2   0
2  2.
b
1  0
1   1.
b
2 3
2   0.
2  2
2  0.
b
2 02 2
2  0.
i

% line 5 page 2 line 1

i
2  2
2  4.
b
1  2
1   3.
b
2 0
2   1.
2   0
2  2.
b
2 20 3
2  2.
2   0
2   1
b
1   0
1    0.
b
2 2
2   3.
2   1
2   0.
b
2 32
2   0.
2   1
2   3.
b
1 2 2
1 0 3
b
1 2  3
1   2.
b
2 0 31
2 2.
2 3
2  0.
b
2  2
i

% line 6 page 2 line 2

i
2  4.
2   2
2   3.
b
1  220
2     8
2     7.
b
2     5
2     3.
2     2
2     0.
b
1  1  2
1  2  0
b
1     2.
1  1
b
2  2  3
2   0.
2   1
2   3.
b
2    0
2   3.
2    0
2    2.
b
1  0 32
2    1
2    0.
b
1  03 2
1  21 3
b
1  03
2     3
2     2.
b
23    3
i




% line 7 page 2 line 3

i
22.
23
2 0.
b
2 2
2 0.
2 2
2 3.
b
2  0
2   0.
2 3 1
2 2
b
1 0 0
13  1
b
2 0
2   0.
2   1
2   0.
b
23  1
2   3.
2    0
2    2.
b
2    3
2     0.
2     2
2     3.
b
2  00 5
2     3.
2     2
2     0.
b
2     2
2     0.
2    3
2    2.
b

% last line

b
1  210
1     0.
b
1Q 2 0 0
2    4
2    2.
b
1 2 04
1     0.
b
10 2  0
2    3
2    2.
b
2    0
2   3.
2   2
2   0.
b
2   2
2   3.
10  20
b
1 0 31
2    0
2   3
b
Y-0  200
b
Q
e


e
